32375
3629
58155
56808
13100
58416
56295
21522
42839
55898
35388
65199
19188
65093
64603
22834
45756
25117
17693
49779
2310
28914
34311
12025
14083
34590
23093
6721
14797
56099
3843
61659
65123
44900
56969
60427
33490
61773
59271
7446
40167
35558
41497
23031
22155
13444
47981
35187
52745
60082
7466
19288
14129
41812
61710
18345
42637
48919
44946
1640
56825
28740
21137
33876
8160
34025
14738
777
63683
5209
49673
28560
47857
48086
8674
26666
42849
49429
32233
52717
17500
32569
15614
47495
31176
32906
14778
8443
2923
32262
53205
2038
51940
7882
9240
51430
18213
39350
50529
2927
